#seed=17 for mt19937_64 Generator is used
#site     state_jm=i      state_jm=j     <a^{dagger}_{i}a_{j}>
0              0              0       0.697077              0
0              0              1      0.0259253       0.701698
0              0              2       0.670608       0.396475
0              0              3       0.728099      0.0357337
0              0              4       0.236243       0.316891
0              0              5       0.841493       0.516468

0              1              1       0.342139              0
0              1              2       0.389785       0.152395
0              1              3       0.358462       0.739107
0              1              4       0.922172       0.426135
0              1              5       0.887636       0.416889

0              2              2       0.978945              0
0              2              3     0.00468657       0.519247
0              2              4       0.529971       0.468173
0              2              5       0.485275       0.640575

0              3              3       0.442569              0
0              3              4      0.0155022       0.862711
0              3              5       0.388539       0.425991

0              4              4       0.662307              0
0              4              5       0.748391       0.463495

0              5              5       0.351386              0

1              0              0       0.315731              0
1              0              1       0.916557       0.456002
1              0              2       0.526341        0.45848
1              0              3        0.51892       0.992531
1              0              4       0.732954       0.268927
1              0              5       0.487422       0.447994

1              1              1       0.133621              0
1              1              2         0.4196       0.106034
1              1              3       0.254583       0.274819
1              1              4       0.567357        0.82282
1              1              5       0.985064       0.829721

1              2              2       0.581884              0
1              2              3       0.961483       0.779688
1              2              4       0.418049        0.37231
1              2              5       0.373678       0.779046

1              3              3       0.529518              0
1              3              4       0.262109       0.432893
1              3              5      0.0285762        0.38523

1              4              4       0.702788              0
1              4              5       0.508543       0.772146

1              5              5       0.565195              0

2              0              0       0.872279              0
2              0              1        0.97849       0.943013
2              0              2       0.877334       0.660724
2              0              3       0.570734       0.999716
2              0              4       0.392623       0.826901
2              0              5      0.0139589       0.110869

2              1              1       0.285097              0
2              1              2       0.370136       0.141513
2              1              3       0.522359       0.648817
2              1              4       0.401812       0.321364
2              1              5       0.269802       0.737724

2              2              2       0.182117              0
2              2              3        0.89456       0.917889
2              2              4       0.275205      0.0992901
2              2              5       0.707831      0.0135788

2              3              3       0.312835              0
2              3              4        0.19539       0.190103
2              3              5       0.631769       0.894955

2              4              4       0.357382              0
2              4              5       0.974669       0.313755

2              5              5       0.127865              0

3              0              0        0.89175              0
3              0              1         0.1238       0.465114
3              0              2       0.253396       0.651512
3              0              3       0.863728      0.0779802
3              0              4       0.776708       0.382161
3              0              5       0.243745       0.409363

3              1              1       0.780822              0
3              1              2       0.682483       0.996591
3              1              3       0.406186       0.354675
3              1              4       0.153203       0.623763
3              1              5       0.818143       0.388867

3              2              2       0.785197              0
3              2              3       0.519055       0.472877
3              2              4        0.91494       0.375648
3              2              5       0.279697       0.939137

3              3              3       0.722553              0
3              3              4       0.809107       0.976899
3              3              5       0.663802       0.830299

3              4              4       0.943918              0
3              4              5       0.727129       0.281421

3              5              5       0.687888              0

