#ix   iy   3by2_m3by2 3by2_3by2   3by2_m1by2   3by2_1by2    1by2_m1by2    1by2_1by2   yz_up    xz_up      xy_up    yz_dn    xz_dn      xy_dn
0         0       0.135505        0.86468       0.954838       0.711644       0.909759       0.423574        0.86468        0.86468       0.999713       0.135505       0.135505       0.999917

1         0       0.863496        0.13669       0.712038       0.954443       0.424364        0.90897        0.13669        0.13669       0.999916       0.863496       0.863496       0.999712

2         0       0.500007       0.999807        0.33356       0.833293       0.666683        0.66665       0.999807       0.999807       0.999936       0.500007       0.500007    0.000435994

3         0       0.999911       0.499288        0.83298       0.334562       0.666023       0.667237       0.499177       0.499177     0.00188729       0.999911       0.999911       0.999936

4         0       0.999971     0.00101812       0.666898       0.998772       0.333972       0.999369     0.00103265     0.00103266       0.998176       0.999968       0.999968       0.999823

5         0       0.545301       0.999879       0.334479        0.81772       0.667179       0.635441       0.999879       0.999879              1       0.499231       0.499231     0.00177856

6         0    0.000995946       0.999968       0.998922       0.666831       0.999445        0.33384       0.999968       0.999968       0.999823    0.000922015    0.000922015       0.998399

7         0       0.999775       0.499826       0.833359       0.333623       0.666718       0.666699       0.499951       0.499951    0.000547416       0.999775       0.999775              1

#Average densities in same order
#        0.63062       0.625144       0.708384       0.706361       0.666768       0.662722       0.625148       0.625148           0.75       0.624852       0.624852           0.75
