#site     state_i   state_j   OP.real    OP.imag
0       0          0        1        0
0       0          1        2.8575e-13        -3.52734e-14
0       0          2        -1.61818e-06        6.62708e-09
0       0          3        1.31401e-07        1.97401e-09
0       0          4        -2.99328e-06        1.72097e-08
0       0          5        -2.93501e-07        -4.71632e-09
0       1          0        2.8575e-13        3.52734e-14
0       1          1        1        0
0       1          2        -6.18823e-08        -2.11591e-09
0       1          3        -9.35194e-07        -8.52679e-08
0       1          4        -1.163e-07        -4.27796e-09
0       1          5        2.07707e-06        1.87705e-07
0       2          0        -1.61818e-06        -6.62708e-09
0       2          1        -6.18823e-08        2.11591e-09
0       2          2        0.770834        0
0       2          3        1.14962e-07        1.292e-07
0       2          4        -0.418556        6.19689e-09
0       2          5        1.12063e-06        1.23295e-07
0       3          0        1.31401e-07        -1.97401e-09
0       3          1        -9.35194e-07        8.52679e-08
0       3          2        1.14962e-07        -1.292e-07
0       3          3        0.829755        0
0       3          4        1.16443e-06        -2.85698e-07
0       3          5        0.374331        3.50462e-09
0       4          0        -2.99328e-06        -1.72097e-08
0       4          1        -1.163e-07        4.27796e-09
0       4          2        -0.418556        -6.19689e-09
0       4          3        1.16443e-06        2.85698e-07
0       4          4        0.228632        0
0       4          5        -5.29787e-08        9.99689e-08
0       5          0        -2.93501e-07        4.71632e-09
0       5          1        2.07707e-06        -1.87705e-07
0       5          2        1.12063e-06        -1.23295e-07
0       5          3        0.374331        -3.50462e-09
0       5          4        -5.29787e-08        -9.99689e-08
0       5          5        0.170779        0
1       0          0        1        0
1       0          1        -1.33622e-13        7.29809e-13
1       0          2        1.14214e-06        -1.66379e-07
1       0          3        -2.5086e-07        -2.11061e-08
1       0          4        -2.51335e-06        3.63309e-07
1       0          5        -4.62128e-07        -3.95518e-08
1       1          0        -1.33622e-13        -7.29809e-13
1       1          1        1        0
1       1          2        3.01991e-07        4.22943e-08
1       1          3        1.67474e-06        -7.71641e-09
1       1          4        -6.64555e-07        -9.234e-08
1       1          5        3.06968e-06        -7.20884e-10
1       2          0        1.14214e-06        1.66379e-07
1       2          1        3.01991e-07        -4.22943e-08
1       2          2        0.827621        0
1       2          3        2.78246e-07        1.01981e-07
1       2          4        0.374692        8.9178e-10
1       2          5        2.18513e-06        3.02582e-07
1       3          0        -2.5086e-07        2.11061e-08
1       3          1        1.67474e-06        7.71641e-09
1       3          2        2.78246e-07        -1.01981e-07
1       3          3        0.767678        0
1       3          4        2.01081e-06        -1.98416e-07
1       3          5        -0.418851        -5.2976e-09
1       4          0        -2.51335e-06        -3.63309e-07
1       4          1        -6.64555e-07        9.234e-08
1       4          2        0.374692        -8.9178e-10
1       4          3        2.01081e-06        1.98416e-07
1       4          4        0.173451        0
1       4          5        -3.33337e-08        5.87267e-08
1       5          0        -4.62128e-07        3.95518e-08
1       5          1        3.06968e-06        7.20884e-10
1       5          2        2.18513e-06        -3.02582e-07
1       5          3        -0.418851        5.2976e-09
1       5          4        -3.33337e-08        -5.87267e-08
1       5          5        0.231249        0
2       0          0        1        0
2       0          1        8.06025e-15        -3.43146e-13
2       0          2        6.19894e-07        -3.7194e-09
2       0          3        2.55013e-07        1.57796e-08
2       0          4        1.1179e-06        9.85893e-10
2       0          5        -5.66579e-07        -3.50541e-08
2       1          0        8.06025e-15        3.43146e-13
2       1          1        1        0
2       1          2        -2.10585e-07        -1.02315e-08
2       1          3        3.84621e-07        -1.89891e-07
2       1          4        -3.89896e-07        -1.93167e-08
2       1          5        -8.38092e-07        4.1834e-07
2       2          0        6.19894e-07        3.7194e-09
2       2          1        -2.10585e-07        1.02315e-08
2       2          2        0.770834        0
2       2          3        2.81298e-07        -3.72e-08
2       2          4        -0.418556        5.43285e-09
2       2          5        2.3824e-06        -6.23394e-08
2       3          0        2.55013e-07        -1.57796e-08
2       3          1        3.84621e-07        1.89891e-07
2       3          2        2.81298e-07        3.72e-08
2       3          3        0.829755        0
2       3          4        2.52894e-06        1.09986e-07
2       3          5        0.374331        5.60356e-09
2       4          0        1.1179e-06        -9.85893e-10
2       4          1        -3.89896e-07        1.93167e-08
2       4          2        -0.418556        -5.43285e-09
2       4          3        2.52894e-06        -1.09986e-07
2       4          4        0.228632        0
2       4          5        -8.03085e-08        -1.92167e-08
2       5          0        -5.66579e-07        3.50541e-08
2       5          1        -8.38092e-07        -4.1834e-07
2       5          2        2.3824e-06        6.23394e-08
2       5          3        0.374331        -5.60356e-09
2       5          4        -8.03085e-08        1.92167e-08
2       5          5        0.170779        0
3       0          0        1        0
3       0          1        7.97528e-14        -4.22538e-13
3       0          2        5.41028e-08        -1.73589e-08
3       0          3        7.71226e-07        8.32673e-09
3       0          4        9.99707e-08        -3.20916e-08
3       0          5        -1.71599e-06        -1.85262e-08
3       1          0        7.97528e-14        4.22538e-13
3       1          1        1        0
3       1          2        -6.50935e-07        -8.12226e-09
3       1          3        1.86719e-08        -7.83499e-08
3       1          4        -1.20492e-06        -1.50356e-08
3       1          5        -4.15059e-08        1.74315e-07
3       2          0        5.41028e-08        1.73589e-08
3       2          1        -6.50935e-07        8.12226e-09
3       2          2        0.774072        0
3       2          3        1.40641e-07        1.34445e-08
3       2          4        -0.418188        3.38032e-09
3       2          5        8.58003e-07        -1.92564e-08
3       3          0        7.71226e-07        -8.32673e-09
3       3          1        1.86719e-08        7.83499e-08
3       3          2        1.40641e-07        -1.34445e-08
3       3          3        0.83194        0
3       3          4        9.70958e-07        -2.26013e-09
3       3          5        0.373917        2.62448e-09
3       4          0        9.99707e-08        3.20916e-08
3       4          1        -1.20492e-06        1.50356e-08
3       4          2        -0.418188        -3.38032e-09
3       4          3        9.70958e-07        2.26013e-09
3       4          4        0.225926        0
3       4          5        7.02567e-09        1.4706e-08
3       5          0        -1.71599e-06        1.85262e-08
3       5          1        -4.15059e-08        -1.74315e-07
3       5          2        8.58003e-07        1.92564e-08
3       5          3        0.373917        -2.62448e-09
3       5          4        7.02567e-09        -1.4706e-08
3       5          5        0.168063        0
4       0          0        1        0
4       0          1        -2.66758e-13        -1.25034e-12
4       0          2        -2.10196e-06        -2.11957e-08
4       0          3        -6.4787e-07        -4.89087e-08
4       0          4        -3.8904e-06        -3.92307e-08
4       0          5        1.44136e-06        1.08817e-07
4       1          0        -2.66758e-13        1.25034e-12
4       1          1        1        0
4       1          2        4.60102e-07        2.72719e-08
4       1          3        -1.19536e-06        1.73814e-07
4       1          4        8.51562e-07        5.04775e-08
4       1          5        2.65945e-06        -3.86705e-07
4       2          0        -2.10196e-06        2.11957e-08
4       2          1        4.60102e-07        -2.72719e-08
4       2          2        0.774043        0
4       2          3        -2.16979e-07        1.43344e-07
4       2          4        -0.418211        8.57739e-09
4       2          5        -2.42787e-06        1.71843e-07
4       3          0        -6.4787e-07        4.89087e-08
4       3          1        -1.19536e-06        -1.73814e-07
4       3          2        -2.16979e-07        -1.43344e-07
4       3          3        0.831927        0
4       3          4        -2.4852e-06        -3.61349e-07
4       3          5        0.373931        2.52879e-09
4       4          0        -3.8904e-06        3.92307e-08
4       4          1        8.51562e-07        -5.04775e-08
4       4          2        -0.418211        -8.57739e-09
4       4          3        -2.4852e-06        3.61349e-07
4       4          4        0.225957        0
4       4          5        1.42029e-07        1.04381e-07
4       5          0        1.44136e-06        -1.08817e-07
4       5          1        2.65945e-06        3.86705e-07
4       5          2        -2.42787e-06        -1.71843e-07
4       5          3        0.373931        -2.52879e-09
4       5          4        1.42029e-07        -1.04381e-07
4       5          5        0.168073        0
5       0          0        1        0
5       0          1        -1.48006e-13        -2.4643e-13
5       0          2        2.75372e-06        -2.17773e-09
5       0          3        1.66628e-07        1.19832e-08
5       0          4        5.0967e-06        -4.03087e-09
5       0          5        -3.7072e-07        -2.66525e-08
5       1          0        -1.48006e-13        2.4643e-13
5       1          1        1        0
5       1          2        -1.14646e-07        -7.61038e-09
5       1          3        1.57504e-06        -2.02814e-08
5       1          4        -2.12194e-07        -1.4087e-08
5       1          5        -3.50418e-06        4.5122e-08
5       2          0        2.75372e-06        2.17773e-09
5       2          1        -1.14646e-07        7.61038e-09
5       2          2        0.774042        0
5       2          3        5.82785e-08        -1.63506e-07
5       2          4        -0.418211        5.15237e-09
5       2          5        1.44406e-07        -2.46136e-07
5       3          0        1.66628e-07        -1.19832e-08
5       3          1        1.57504e-06        2.02814e-08
5       3          2        5.82785e-08        1.63506e-07
5       3          3        0.831927        0
5       3          4        2.1356e-07        4.56987e-07
5       3          5        0.373931        1.87274e-09
5       4          0        5.0967e-06        4.03087e-09
5       4          1        -2.12194e-07        1.4087e-08
5       4          2        -0.418211        -5.15237e-09
5       4          3        2.1356e-07        -4.56987e-07
5       4          4        0.225958        0
5       4          5        3.21189e-08        -1.12126e-07
5       5          0        -3.7072e-07        2.66525e-08
5       5          1        -3.50418e-06        -4.5122e-08
5       5          2        1.44406e-07        2.46136e-07
5       5          3        0.373931        -1.87274e-09
5       5          4        3.21189e-08        1.12126e-07
5       5          5        0.168073        0
6       0          0        1        0
6       0          1        1.23029e-12        -1.1909e-12
6       0          2        -5.46118e-06        -1.26371e-08
6       0          3        -4.63643e-07        -1.22041e-08
6       0          4        -1.01077e-05        -2.33901e-08
6       0          5        1.03139e-06        2.71833e-08
6       1          0        1.23029e-12        1.1909e-12
6       1          1        1        0
6       1          2        4.14215e-07        4.90048e-09
6       1          3        -3.20122e-06        3.07762e-07
6       1          4        7.66572e-07        9.07139e-09
6       1          5        7.12212e-06        -6.84715e-07
6       2          0        -5.46118e-06        1.26371e-08
6       2          1        4.14215e-07        -4.90048e-09
6       2          2        0.774041        0
6       2          3        -3.49074e-07        3.6542e-07
6       2          4        -0.418212        8.52409e-09
6       2          5        -4.31713e-06        4.77626e-07
6       3          0        -4.63643e-07        1.22041e-08
6       3          1        -3.20122e-06        -3.07762e-07
6       3          2        -3.49074e-07        -3.6542e-07
6       3          3        0.831927        0
6       3          4        -4.36581e-06        -9.5653e-07
6       3          5        0.373931        3.09306e-09
6       4          0        -1.01077e-05        2.33901e-08
6       4          1        7.66572e-07        -9.07139e-09
6       4          2        -0.418212        -8.52409e-09
6       4          3        -4.36581e-06        9.5653e-07
6       4          4        0.225959        0
6       4          5        2.85419e-07        2.60619e-07
6       5          0        1.03139e-06        -2.71833e-08
6       5          1        7.12212e-06        6.84715e-07
6       5          2        -4.31713e-06        -4.77626e-07
6       5          3        0.373931        -3.09306e-09
6       5          4        2.85419e-07        -2.60619e-07
6       5          5        0.168073        0
7       0          0        1        0
7       0          1        4.56751e-13        -4.09747e-13
7       0          2        4.18506e-06        -2.54272e-08
7       0          3        -4.40901e-07        7.99525e-09
7       0          4        7.74745e-06        -4.70523e-08
7       0          5        9.81054e-07        -1.77728e-08
7       1          0        4.56751e-13        4.09747e-13
7       1          1        1        0
7       1          2        3.23823e-07        -4.5817e-09
7       1          3        2.45664e-06        9.0369e-08
7       1          4        5.99436e-07        -8.48484e-09
7       1          5        -5.46595e-06        -2.0107e-07
7       2          0        4.18506e-06        2.54272e-08
7       2          1        3.23823e-07        4.5817e-09
7       2          2        0.774074        0
7       2          3        -1.09941e-07        -2.61812e-07
7       2          4        -0.418187        7.44673e-09
7       2          5        -1.34296e-06        -3.76122e-07
7       3          0        -4.40901e-07        -7.99525e-09
7       3          1        2.45664e-06        -9.0369e-08
7       3          2        -1.09941e-07        2.61812e-07
7       3          3        0.83194        0
7       3          4        -1.36013e-06        7.15723e-07
7       3          5        0.373916        -1.84513e-09
7       4          0        7.74745e-06        4.70523e-08
7       4          1        5.99436e-07        8.48484e-09
7       4          2        -0.418187        -7.44673e-09
7       4          3        -1.36013e-06        -7.15723e-07
7       4          4        0.225924        0
7       4          5        8.75234e-08        -1.82026e-07
7       5          0        9.81054e-07        1.77728e-08
7       5          1        -5.46595e-06        2.0107e-07
7       5          2        -1.34296e-06        3.76122e-07
7       5          3        0.373916        1.84513e-09
7       5          4        8.75234e-08        1.82026e-07
7       5          5        0.168062        0
