#site     state_i   state_j   OP.real    OP.imag
0       0          0        0.999956        0
0       0          1        -1.29141e-06        4.77415e-07
0       0          2        -7.61611e-07        -7.24899e-08
0       0          3        -2.58441e-05        -2.14956e-09
0       0          4        1.08075e-06        -6.48301e-07
0       0          5        3.60302e-05        3.89784e-09
0       1          0        -1.29141e-06        -4.77415e-07
0       1          1        0.507096        0
0       1          2        -0.288022        7.6771e-09
0       1          3        0.0125851        5.80084e-07
0       1          4        0.407324        -1.72201e-08
0       1          5        0.0088972        -1.63293e-07
0       2          0        -7.61611e-07        7.24899e-08
0       2          1        -0.288022        -7.6771e-09
0       2          2        0.830818        0
0       2          3        -0.00715191        3.08752e-07
0       2          4        0.239214        7.36938e-09
0       2          5        -0.00505736        -5.50255e-07
0       3          0        -2.58441e-05        2.14956e-09
0       3          1        0.0125851        -5.80084e-07
0       3          2        -0.00715191        -3.08752e-07
0       3          3        0.333653        0
0       3          4        0.0101028        5.11155e-07
0       3          5        -0.471147        1.75572e-09
0       4          0        1.08075e-06        6.48301e-07
0       4          1        0.407324        1.72201e-08
0       4          2        0.239214        -7.36938e-09
0       4          3        0.0101028        -5.11155e-07
0       4          4        0.661669        0
0       4          5        0.00714589        -1.96838e-07
0       5          0        3.60302e-05        -3.89784e-09
0       5          1        0.0088972        1.63293e-07
0       5          2        -0.00505736        5.50255e-07
0       5          3        -0.471147        -1.75572e-09
0       5          4        0.00714589        1.96838e-07
0       5          5        0.666804        0
1       0          0        0.999956        0
1       0          1        -1.29141e-06        4.77415e-07
1       0          2        -7.61611e-07        -7.24899e-08
1       0          3        -2.58441e-05        -2.14956e-09
1       0          4        1.08075e-06        -6.48301e-07
1       0          5        3.60302e-05        3.89784e-09
1       1          0        -1.29141e-06        -4.77415e-07
1       1          1        0.507096        0
1       1          2        -0.288022        7.6771e-09
1       1          3        0.0125851        5.80084e-07
1       1          4        0.407324        -1.72201e-08
1       1          5        0.0088972        -1.63293e-07
1       2          0        -7.61611e-07        7.24899e-08
1       2          1        -0.288022        -7.6771e-09
1       2          2        0.830818        0
1       2          3        -0.00715191        3.08752e-07
1       2          4        0.239214        7.36938e-09
1       2          5        -0.00505736        -5.50255e-07
1       3          0        -2.58441e-05        2.14956e-09
1       3          1        0.0125851        -5.80084e-07
1       3          2        -0.00715191        -3.08752e-07
1       3          3        0.333653        0
1       3          4        0.0101028        5.11155e-07
1       3          5        -0.471147        1.75572e-09
1       4          0        1.08075e-06        6.48301e-07
1       4          1        0.407324        1.72201e-08
1       4          2        0.239214        -7.36938e-09
1       4          3        0.0101028        -5.11155e-07
1       4          4        0.661669        0
1       4          5        0.00714589        -1.96838e-07
1       5          0        3.60302e-05        -3.89784e-09
1       5          1        0.0088972        1.63293e-07
1       5          2        -0.00505736        5.50255e-07
1       5          3        -0.471147        -1.75572e-09
1       5          4        0.00714589        1.96838e-07
1       5          5        0.666804        0
2       0          0        0.999956        0
2       0          1        -1.29141e-06        4.77415e-07
2       0          2        -7.61611e-07        -7.24899e-08
2       0          3        -2.58441e-05        -2.14956e-09
2       0          4        1.08075e-06        -6.48301e-07
2       0          5        3.60302e-05        3.89784e-09
2       1          0        -1.29141e-06        -4.77415e-07
2       1          1        0.507096        0
2       1          2        -0.288022        7.6771e-09
2       1          3        0.0125851        5.80084e-07
2       1          4        0.407324        -1.72201e-08
2       1          5        0.0088972        -1.63293e-07
2       2          0        -7.61611e-07        7.24899e-08
2       2          1        -0.288022        -7.6771e-09
2       2          2        0.830818        0
2       2          3        -0.00715191        3.08752e-07
2       2          4        0.239214        7.36938e-09
2       2          5        -0.00505736        -5.50255e-07
2       3          0        -2.58441e-05        2.14956e-09
2       3          1        0.0125851        -5.80084e-07
2       3          2        -0.00715191        -3.08752e-07
2       3          3        0.333653        0
2       3          4        0.0101028        5.11155e-07
2       3          5        -0.471147        1.75572e-09
2       4          0        1.08075e-06        6.48301e-07
2       4          1        0.407324        1.72201e-08
2       4          2        0.239214        -7.36938e-09
2       4          3        0.0101028        -5.11155e-07
2       4          4        0.661669        0
2       4          5        0.00714589        -1.96838e-07
2       5          0        3.60302e-05        -3.89784e-09
2       5          1        0.0088972        1.63293e-07
2       5          2        -0.00505736        5.50255e-07
2       5          3        -0.471147        -1.75572e-09
2       5          4        0.00714589        1.96838e-07
2       5          5        0.666804        0
3       0          0        0.999956        0
3       0          1        -1.29141e-06        4.77415e-07
3       0          2        -7.61611e-07        -7.24899e-08
3       0          3        -2.58441e-05        -2.14956e-09
3       0          4        1.08075e-06        -6.48301e-07
3       0          5        3.60302e-05        3.89784e-09
3       1          0        -1.29141e-06        -4.77415e-07
3       1          1        0.507096        0
3       1          2        -0.288022        7.6771e-09
3       1          3        0.0125851        5.80084e-07
3       1          4        0.407324        -1.72201e-08
3       1          5        0.0088972        -1.63293e-07
3       2          0        -7.61611e-07        7.24899e-08
3       2          1        -0.288022        -7.6771e-09
3       2          2        0.830818        0
3       2          3        -0.00715191        3.08752e-07
3       2          4        0.239214        7.36938e-09
3       2          5        -0.00505736        -5.50255e-07
3       3          0        -2.58441e-05        2.14956e-09
3       3          1        0.0125851        -5.80084e-07
3       3          2        -0.00715191        -3.08752e-07
3       3          3        0.333653        0
3       3          4        0.0101028        5.11155e-07
3       3          5        -0.471147        1.75572e-09
3       4          0        1.08075e-06        6.48301e-07
3       4          1        0.407324        1.72201e-08
3       4          2        0.239214        -7.36938e-09
3       4          3        0.0101028        -5.11155e-07
3       4          4        0.661669        0
3       4          5        0.00714589        -1.96838e-07
3       5          0        3.60302e-05        -3.89784e-09
3       5          1        0.0088972        1.63293e-07
3       5          2        -0.00505736        5.50255e-07
3       5          3        -0.471147        -1.75572e-09
3       5          4        0.00714589        1.96838e-07
3       5          5        0.666804        0
4       0          0        0.999956        0
4       0          1        -1.29141e-06        4.77415e-07
4       0          2        -7.61611e-07        -7.24899e-08
4       0          3        -2.58441e-05        -2.14956e-09
4       0          4        1.08075e-06        -6.48301e-07
4       0          5        3.60302e-05        3.89784e-09
4       1          0        -1.29141e-06        -4.77415e-07
4       1          1        0.507096        0
4       1          2        -0.288022        7.6771e-09
4       1          3        0.0125851        5.80084e-07
4       1          4        0.407324        -1.72201e-08
4       1          5        0.0088972        -1.63293e-07
4       2          0        -7.61611e-07        7.24899e-08
4       2          1        -0.288022        -7.6771e-09
4       2          2        0.830818        0
4       2          3        -0.00715191        3.08752e-07
4       2          4        0.239214        7.36938e-09
4       2          5        -0.00505736        -5.50255e-07
4       3          0        -2.58441e-05        2.14956e-09
4       3          1        0.0125851        -5.80084e-07
4       3          2        -0.00715191        -3.08752e-07
4       3          3        0.333653        0
4       3          4        0.0101028        5.11155e-07
4       3          5        -0.471147        1.75572e-09
4       4          0        1.08075e-06        6.48301e-07
4       4          1        0.407324        1.72201e-08
4       4          2        0.239214        -7.36938e-09
4       4          3        0.0101028        -5.11155e-07
4       4          4        0.661669        0
4       4          5        0.00714589        -1.96838e-07
4       5          0        3.60302e-05        -3.89784e-09
4       5          1        0.0088972        1.63293e-07
4       5          2        -0.00505736        5.50255e-07
4       5          3        -0.471147        -1.75572e-09
4       5          4        0.00714589        1.96838e-07
4       5          5        0.666804        0
5       0          0        0.999956        0
5       0          1        -1.29141e-06        4.77415e-07
5       0          2        -7.61611e-07        -7.24899e-08
5       0          3        -2.58441e-05        -2.14956e-09
5       0          4        1.08075e-06        -6.48301e-07
5       0          5        3.60302e-05        3.89784e-09
5       1          0        -1.29141e-06        -4.77415e-07
5       1          1        0.507096        0
5       1          2        -0.288022        7.6771e-09
5       1          3        0.0125851        5.80084e-07
5       1          4        0.407324        -1.72201e-08
5       1          5        0.0088972        -1.63293e-07
5       2          0        -7.61611e-07        7.24899e-08
5       2          1        -0.288022        -7.6771e-09
5       2          2        0.830818        0
5       2          3        -0.00715191        3.08752e-07
5       2          4        0.239214        7.36938e-09
5       2          5        -0.00505736        -5.50255e-07
5       3          0        -2.58441e-05        2.14956e-09
5       3          1        0.0125851        -5.80084e-07
5       3          2        -0.00715191        -3.08752e-07
5       3          3        0.333653        0
5       3          4        0.0101028        5.11155e-07
5       3          5        -0.471147        1.75572e-09
5       4          0        1.08075e-06        6.48301e-07
5       4          1        0.407324        1.72201e-08
5       4          2        0.239214        -7.36938e-09
5       4          3        0.0101028        -5.11155e-07
5       4          4        0.661669        0
5       4          5        0.00714589        -1.96838e-07
5       5          0        3.60302e-05        -3.89784e-09
5       5          1        0.0088972        1.63293e-07
5       5          2        -0.00505736        5.50255e-07
5       5          3        -0.471147        -1.75572e-09
5       5          4        0.00714589        1.96838e-07
5       5          5        0.666804        0
6       0          0        0.999956        0
6       0          1        -1.29141e-06        4.77415e-07
6       0          2        -7.61611e-07        -7.24899e-08
6       0          3        -2.58441e-05        -2.14956e-09
6       0          4        1.08075e-06        -6.48301e-07
6       0          5        3.60302e-05        3.89784e-09
6       1          0        -1.29141e-06        -4.77415e-07
6       1          1        0.507096        0
6       1          2        -0.288022        7.6771e-09
6       1          3        0.0125851        5.80084e-07
6       1          4        0.407324        -1.72201e-08
6       1          5        0.0088972        -1.63293e-07
6       2          0        -7.61611e-07        7.24899e-08
6       2          1        -0.288022        -7.6771e-09
6       2          2        0.830818        0
6       2          3        -0.00715191        3.08752e-07
6       2          4        0.239214        7.36938e-09
6       2          5        -0.00505736        -5.50255e-07
6       3          0        -2.58441e-05        2.14956e-09
6       3          1        0.0125851        -5.80084e-07
6       3          2        -0.00715191        -3.08752e-07
6       3          3        0.333653        0
6       3          4        0.0101028        5.11155e-07
6       3          5        -0.471147        1.75572e-09
6       4          0        1.08075e-06        6.48301e-07
6       4          1        0.407324        1.72201e-08
6       4          2        0.239214        -7.36938e-09
6       4          3        0.0101028        -5.11155e-07
6       4          4        0.661669        0
6       4          5        0.00714589        -1.96838e-07
6       5          0        3.60302e-05        -3.89784e-09
6       5          1        0.0088972        1.63293e-07
6       5          2        -0.00505736        5.50255e-07
6       5          3        -0.471147        -1.75572e-09
6       5          4        0.00714589        1.96838e-07
6       5          5        0.666804        0
7       0          0        0.999956        0
7       0          1        -1.29141e-06        4.77415e-07
7       0          2        -7.61611e-07        -7.24899e-08
7       0          3        -2.58441e-05        -2.14956e-09
7       0          4        1.08075e-06        -6.48301e-07
7       0          5        3.60302e-05        3.89784e-09
7       1          0        -1.29141e-06        -4.77415e-07
7       1          1        0.507096        0
7       1          2        -0.288022        7.6771e-09
7       1          3        0.0125851        5.80084e-07
7       1          4        0.407324        -1.72201e-08
7       1          5        0.0088972        -1.63293e-07
7       2          0        -7.61611e-07        7.24899e-08
7       2          1        -0.288022        -7.6771e-09
7       2          2        0.830818        0
7       2          3        -0.00715191        3.08752e-07
7       2          4        0.239214        7.36938e-09
7       2          5        -0.00505736        -5.50255e-07
7       3          0        -2.58441e-05        2.14956e-09
7       3          1        0.0125851        -5.80084e-07
7       3          2        -0.00715191        -3.08752e-07
7       3          3        0.333653        0
7       3          4        0.0101028        5.11155e-07
7       3          5        -0.471147        1.75572e-09
7       4          0        1.08075e-06        6.48301e-07
7       4          1        0.407324        1.72201e-08
7       4          2        0.239214        -7.36938e-09
7       4          3        0.0101028        -5.11155e-07
7       4          4        0.661669        0
7       4          5        0.00714589        -1.96838e-07
7       5          0        3.60302e-05        -3.89784e-09
7       5          1        0.0088972        1.63293e-07
7       5          2        -0.00505736        5.50255e-07
7       5          3        -0.471147        -1.75572e-09
7       5          4        0.00714589        1.96838e-07
7       5          5        0.666804        0
8       0          0        0.999956        0
8       0          1        -1.29141e-06        4.77415e-07
8       0          2        -7.61611e-07        -7.24899e-08
8       0          3        -2.58441e-05        -2.14956e-09
8       0          4        1.08075e-06        -6.48301e-07
8       0          5        3.60302e-05        3.89784e-09
8       1          0        -1.29141e-06        -4.77415e-07
8       1          1        0.507096        0
8       1          2        -0.288022        7.6771e-09
8       1          3        0.0125851        5.80084e-07
8       1          4        0.407324        -1.72201e-08
8       1          5        0.0088972        -1.63293e-07
8       2          0        -7.61611e-07        7.24899e-08
8       2          1        -0.288022        -7.6771e-09
8       2          2        0.830818        0
8       2          3        -0.00715191        3.08752e-07
8       2          4        0.239214        7.36938e-09
8       2          5        -0.00505736        -5.50255e-07
8       3          0        -2.58441e-05        2.14956e-09
8       3          1        0.0125851        -5.80084e-07
8       3          2        -0.00715191        -3.08752e-07
8       3          3        0.333653        0
8       3          4        0.0101028        5.11155e-07
8       3          5        -0.471147        1.75572e-09
8       4          0        1.08075e-06        6.48301e-07
8       4          1        0.407324        1.72201e-08
8       4          2        0.239214        -7.36938e-09
8       4          3        0.0101028        -5.11155e-07
8       4          4        0.661669        0
8       4          5        0.00714589        -1.96838e-07
8       5          0        3.60302e-05        -3.89784e-09
8       5          1        0.0088972        1.63293e-07
8       5          2        -0.00505736        5.50255e-07
8       5          3        -0.471147        -1.75572e-09
8       5          4        0.00714589        1.96838e-07
8       5          5        0.666804        0
9       0          0        0.999956        0
9       0          1        -1.29141e-06        4.77415e-07
9       0          2        -7.61611e-07        -7.24899e-08
9       0          3        -2.58441e-05        -2.14956e-09
9       0          4        1.08075e-06        -6.48301e-07
9       0          5        3.60302e-05        3.89784e-09
9       1          0        -1.29141e-06        -4.77415e-07
9       1          1        0.507096        0
9       1          2        -0.288022        7.6771e-09
9       1          3        0.0125851        5.80084e-07
9       1          4        0.407324        -1.72201e-08
9       1          5        0.0088972        -1.63293e-07
9       2          0        -7.61611e-07        7.24899e-08
9       2          1        -0.288022        -7.6771e-09
9       2          2        0.830818        0
9       2          3        -0.00715191        3.08752e-07
9       2          4        0.239214        7.36938e-09
9       2          5        -0.00505736        -5.50255e-07
9       3          0        -2.58441e-05        2.14956e-09
9       3          1        0.0125851        -5.80084e-07
9       3          2        -0.00715191        -3.08752e-07
9       3          3        0.333653        0
9       3          4        0.0101028        5.11155e-07
9       3          5        -0.471147        1.75572e-09
9       4          0        1.08075e-06        6.48301e-07
9       4          1        0.407324        1.72201e-08
9       4          2        0.239214        -7.36938e-09
9       4          3        0.0101028        -5.11155e-07
9       4          4        0.661669        0
9       4          5        0.00714589        -1.96838e-07
9       5          0        3.60302e-05        -3.89784e-09
9       5          1        0.0088972        1.63293e-07
9       5          2        -0.00505736        5.50255e-07
9       5          3        -0.471147        -1.75572e-09
9       5          4        0.00714589        1.96838e-07
9       5          5        0.666804        0
10       0          0        0.999956        0
10       0          1        -1.29141e-06        4.77415e-07
10       0          2        -7.61611e-07        -7.24899e-08
10       0          3        -2.58441e-05        -2.14956e-09
10       0          4        1.08075e-06        -6.48301e-07
10       0          5        3.60302e-05        3.89784e-09
10       1          0        -1.29141e-06        -4.77415e-07
10       1          1        0.507096        0
10       1          2        -0.288022        7.6771e-09
10       1          3        0.0125851        5.80084e-07
10       1          4        0.407324        -1.72201e-08
10       1          5        0.0088972        -1.63293e-07
10       2          0        -7.61611e-07        7.24899e-08
10       2          1        -0.288022        -7.6771e-09
10       2          2        0.830818        0
10       2          3        -0.00715191        3.08752e-07
10       2          4        0.239214        7.36938e-09
10       2          5        -0.00505736        -5.50255e-07
10       3          0        -2.58441e-05        2.14956e-09
10       3          1        0.0125851        -5.80084e-07
10       3          2        -0.00715191        -3.08752e-07
10       3          3        0.333653        0
10       3          4        0.0101028        5.11155e-07
10       3          5        -0.471147        1.75572e-09
10       4          0        1.08075e-06        6.48301e-07
10       4          1        0.407324        1.72201e-08
10       4          2        0.239214        -7.36938e-09
10       4          3        0.0101028        -5.11155e-07
10       4          4        0.661669        0
10       4          5        0.00714589        -1.96838e-07
10       5          0        3.60302e-05        -3.89784e-09
10       5          1        0.0088972        1.63293e-07
10       5          2        -0.00505736        5.50255e-07
10       5          3        -0.471147        -1.75572e-09
10       5          4        0.00714589        1.96838e-07
10       5          5        0.666804        0
11       0          0        0.999956        0
11       0          1        -1.29141e-06        4.77415e-07
11       0          2        -7.61611e-07        -7.24899e-08
11       0          3        -2.58441e-05        -2.14956e-09
11       0          4        1.08075e-06        -6.48301e-07
11       0          5        3.60302e-05        3.89784e-09
11       1          0        -1.29141e-06        -4.77415e-07
11       1          1        0.507096        0
11       1          2        -0.288022        7.6771e-09
11       1          3        0.0125851        5.80084e-07
11       1          4        0.407324        -1.72201e-08
11       1          5        0.0088972        -1.63293e-07
11       2          0        -7.61611e-07        7.24899e-08
11       2          1        -0.288022        -7.6771e-09
11       2          2        0.830818        0
11       2          3        -0.00715191        3.08752e-07
11       2          4        0.239214        7.36938e-09
11       2          5        -0.00505736        -5.50255e-07
11       3          0        -2.58441e-05        2.14956e-09
11       3          1        0.0125851        -5.80084e-07
11       3          2        -0.00715191        -3.08752e-07
11       3          3        0.333653        0
11       3          4        0.0101028        5.11155e-07
11       3          5        -0.471147        1.75572e-09
11       4          0        1.08075e-06        6.48301e-07
11       4          1        0.407324        1.72201e-08
11       4          2        0.239214        -7.36938e-09
11       4          3        0.0101028        -5.11155e-07
11       4          4        0.661669        0
11       4          5        0.00714589        -1.96838e-07
11       5          0        3.60302e-05        -3.89784e-09
11       5          1        0.0088972        1.63293e-07
11       5          2        -0.00505736        5.50255e-07
11       5          3        -0.471147        -1.75572e-09
11       5          4        0.00714589        1.96838e-07
11       5          5        0.666804        0
12       0          0        0.999956        0
12       0          1        -1.29141e-06        4.77415e-07
12       0          2        -7.61611e-07        -7.24899e-08
12       0          3        -2.58441e-05        -2.14956e-09
12       0          4        1.08075e-06        -6.48301e-07
12       0          5        3.60302e-05        3.89784e-09
12       1          0        -1.29141e-06        -4.77415e-07
12       1          1        0.507096        0
12       1          2        -0.288022        7.6771e-09
12       1          3        0.0125851        5.80084e-07
12       1          4        0.407324        -1.72201e-08
12       1          5        0.0088972        -1.63293e-07
12       2          0        -7.61611e-07        7.24899e-08
12       2          1        -0.288022        -7.6771e-09
12       2          2        0.830818        0
12       2          3        -0.00715191        3.08752e-07
12       2          4        0.239214        7.36938e-09
12       2          5        -0.00505736        -5.50255e-07
12       3          0        -2.58441e-05        2.14956e-09
12       3          1        0.0125851        -5.80084e-07
12       3          2        -0.00715191        -3.08752e-07
12       3          3        0.333653        0
12       3          4        0.0101028        5.11155e-07
12       3          5        -0.471147        1.75572e-09
12       4          0        1.08075e-06        6.48301e-07
12       4          1        0.407324        1.72201e-08
12       4          2        0.239214        -7.36938e-09
12       4          3        0.0101028        -5.11155e-07
12       4          4        0.661669        0
12       4          5        0.00714589        -1.96838e-07
12       5          0        3.60302e-05        -3.89784e-09
12       5          1        0.0088972        1.63293e-07
12       5          2        -0.00505736        5.50255e-07
12       5          3        -0.471147        -1.75572e-09
12       5          4        0.00714589        1.96838e-07
12       5          5        0.666804        0
13       0          0        0.999956        0
13       0          1        -1.29141e-06        4.77415e-07
13       0          2        -7.61611e-07        -7.24899e-08
13       0          3        -2.58441e-05        -2.14956e-09
13       0          4        1.08075e-06        -6.48301e-07
13       0          5        3.60302e-05        3.89784e-09
13       1          0        -1.29141e-06        -4.77415e-07
13       1          1        0.507096        0
13       1          2        -0.288022        7.6771e-09
13       1          3        0.0125851        5.80084e-07
13       1          4        0.407324        -1.72201e-08
13       1          5        0.0088972        -1.63293e-07
13       2          0        -7.61611e-07        7.24899e-08
13       2          1        -0.288022        -7.6771e-09
13       2          2        0.830818        0
13       2          3        -0.00715191        3.08752e-07
13       2          4        0.239214        7.36938e-09
13       2          5        -0.00505736        -5.50255e-07
13       3          0        -2.58441e-05        2.14956e-09
13       3          1        0.0125851        -5.80084e-07
13       3          2        -0.00715191        -3.08752e-07
13       3          3        0.333653        0
13       3          4        0.0101028        5.11155e-07
13       3          5        -0.471147        1.75572e-09
13       4          0        1.08075e-06        6.48301e-07
13       4          1        0.407324        1.72201e-08
13       4          2        0.239214        -7.36938e-09
13       4          3        0.0101028        -5.11155e-07
13       4          4        0.661669        0
13       4          5        0.00714589        -1.96838e-07
13       5          0        3.60302e-05        -3.89784e-09
13       5          1        0.0088972        1.63293e-07
13       5          2        -0.00505736        5.50255e-07
13       5          3        -0.471147        -1.75572e-09
13       5          4        0.00714589        1.96838e-07
13       5          5        0.666804        0
14       0          0        0.999956        0
14       0          1        -1.29141e-06        4.77415e-07
14       0          2        -7.61611e-07        -7.24899e-08
14       0          3        -2.58441e-05        -2.14956e-09
14       0          4        1.08075e-06        -6.48301e-07
14       0          5        3.60302e-05        3.89784e-09
14       1          0        -1.29141e-06        -4.77415e-07
14       1          1        0.507096        0
14       1          2        -0.288022        7.6771e-09
14       1          3        0.0125851        5.80084e-07
14       1          4        0.407324        -1.72201e-08
14       1          5        0.0088972        -1.63293e-07
14       2          0        -7.61611e-07        7.24899e-08
14       2          1        -0.288022        -7.6771e-09
14       2          2        0.830818        0
14       2          3        -0.00715191        3.08752e-07
14       2          4        0.239214        7.36938e-09
14       2          5        -0.00505736        -5.50255e-07
14       3          0        -2.58441e-05        2.14956e-09
14       3          1        0.0125851        -5.80084e-07
14       3          2        -0.00715191        -3.08752e-07
14       3          3        0.333653        0
14       3          4        0.0101028        5.11155e-07
14       3          5        -0.471147        1.75572e-09
14       4          0        1.08075e-06        6.48301e-07
14       4          1        0.407324        1.72201e-08
14       4          2        0.239214        -7.36938e-09
14       4          3        0.0101028        -5.11155e-07
14       4          4        0.661669        0
14       4          5        0.00714589        -1.96838e-07
14       5          0        3.60302e-05        -3.89784e-09
14       5          1        0.0088972        1.63293e-07
14       5          2        -0.00505736        5.50255e-07
14       5          3        -0.471147        -1.75572e-09
14       5          4        0.00714589        1.96838e-07
14       5          5        0.666804        0
15       0          0        0.999956        0
15       0          1        -1.29141e-06        4.77415e-07
15       0          2        -7.61611e-07        -7.24899e-08
15       0          3        -2.58441e-05        -2.14956e-09
15       0          4        1.08075e-06        -6.48301e-07
15       0          5        3.60302e-05        3.89784e-09
15       1          0        -1.29141e-06        -4.77415e-07
15       1          1        0.507096        0
15       1          2        -0.288022        7.6771e-09
15       1          3        0.0125851        5.80084e-07
15       1          4        0.407324        -1.72201e-08
15       1          5        0.0088972        -1.63293e-07
15       2          0        -7.61611e-07        7.24899e-08
15       2          1        -0.288022        -7.6771e-09
15       2          2        0.830818        0
15       2          3        -0.00715191        3.08752e-07
15       2          4        0.239214        7.36938e-09
15       2          5        -0.00505736        -5.50255e-07
15       3          0        -2.58441e-05        2.14956e-09
15       3          1        0.0125851        -5.80084e-07
15       3          2        -0.00715191        -3.08752e-07
15       3          3        0.333653        0
15       3          4        0.0101028        5.11155e-07
15       3          5        -0.471147        1.75572e-09
15       4          0        1.08075e-06        6.48301e-07
15       4          1        0.407324        1.72201e-08
15       4          2        0.239214        -7.36938e-09
15       4          3        0.0101028        -5.11155e-07
15       4          4        0.661669        0
15       4          5        0.00714589        -1.96838e-07
15       5          0        3.60302e-05        -3.89784e-09
15       5          1        0.0088972        1.63293e-07
15       5          2        -0.00505736        5.50255e-07
15       5          3        -0.471147        -1.75572e-09
15       5          4        0.00714589        1.96838e-07
15       5          5        0.666804        0
