#site     state_i   state_j   OP.real    OP.imag
0       0          0        0.000800548        0
0       0          1        8.24565e-11        5.84137e-13
0       0          2        -1.9245e-05        2.12885e-05
0       0          3        -0.000260929        -3.22333e-12
0       0          4        -1.3608e-05        1.50532e-05
0       0          5        0.000369009        1.47198e-12
0       1          0        8.24565e-11        -5.84137e-13
0       1          1        0.647724        0
0       1          2        -0.202425        4.23206e-11
0       1          3        0.0624452        -1.69935e-06
0       1          4        0.286273        -6.56339e-11
0       1          5        0.0441554        -1.20162e-06
0       2          0        -1.9245e-05        -2.12885e-05
0       2          1        -0.202425        -4.23206e-11
0       2          2        0.216191        0
0       2          3        0.0360638        1.13097e-05
0       2          4        -0.305141        3.92851e-12
0       2          5        0.0254774        -1.80758e-05
0       3          0        -0.000260929        3.22333e-12
0       3          1        0.0624452        1.69935e-06
0       3          2        0.0360638        -1.13097e-05
0       3          3        0.652726        0
0       3          4        -0.0509783        -1.00786e-05
0       3          5        0.460981        -2.12061e-12
0       4          0        -1.3608e-05        -1.50532e-05
0       4          1        0.286273        6.56339e-11
0       4          2        -0.305141        -3.92851e-12
0       4          3        -0.0509783        1.00786e-05
0       4          4        0.431958        0
0       4          5        -0.0360638        -1.13097e-05
0       5          0        0.000369009        -1.47198e-12
0       5          1        0.0441554        1.20162e-06
0       5          2        0.0254774        1.80758e-05
0       5          3        0.460981        2.12061e-12
0       5          4        -0.0360638        1.13097e-05
0       5          5        0.326763        0
1       0          0        0.000354883        0
1       0          1        -1.88469e-10        1.19673e-11
1       0          2        9.20534e-06        -5.37319e-06
1       0          3        -3.2881e-05        -3.69225e-12
1       0          4        6.5085e-06        -3.79942e-06
1       0          5        4.65008e-05        -3.26421e-12
1       1          0        -1.88469e-10        -1.19673e-11
1       1          1        0.785708        0
1       1          2        -0.123476        8.75408e-12
1       1          3        -0.0558615        -4.3518e-06
1       1          4        0.174622        -5.07083e-12
1       1          5        -0.0395        -3.07719e-06
1       2          0        9.20534e-06        5.37319e-06
1       2          1        -0.123476        -8.75408e-12
1       2          2        0.261968        0
1       2          3        -0.032257        -5.61468e-06
1       2          4        -0.370341        6.93918e-12
1       2          5        -0.0227978        2.61061e-06
1       3          0        -3.2881e-05        3.69225e-12
1       3          1        -0.0558615        4.3518e-06
1       3          2        -0.032257        5.61468e-06
1       3          3        0.629993        0
1       3          4        0.0456069        -1.35974e-06
1       3          5        0.445222        4.70629e-12
1       4          0        6.5085e-06        3.79942e-06
1       4          1        0.174622        5.07083e-12
1       4          2        -0.370341        -6.93918e-12
1       4          3        0.0456069        1.35974e-06
1       4          4        0.523838        0
1       4          5        0.032257        5.6148e-06
1       5          0        4.65008e-05        3.26421e-12
1       5          1        -0.0395        3.07719e-06
1       5          2        -0.0227978        -2.61061e-06
1       5          3        0.445222        -4.70629e-12
1       5          4        0.032257        -5.6148e-06
1       5          5        0.315174        0
2       0          0        0.000199774        0
2       0          1        7.59378e-12        -4.79598e-12
2       0          2        3.74616e-05        -3.74191e-05
2       0          3        -0.000115082        7.92474e-12
2       0          4        2.64893e-05        -2.64593e-05
2       0          5        0.000162751        -1.43119e-11
2       1          0        7.59378e-12        4.79598e-12
2       1          1        0.930585        0
2       1          2        -0.0393437        1.07528e-10
2       1          3        -0.166967        -4.25646e-07
2       1          4        0.0556404        -1.59344e-10
2       1          5        -0.118063        -3.00977e-07
2       2          0        3.74616e-05        3.74191e-05
2       2          1        -0.0393437        -1.07528e-10
2       2          2        0.310622        0
2       2          3        -0.0964206        -2.18497e-05
2       2          4        -0.438379        -7.31835e-12
2       2          5        -0.0681338        3.03785e-05
2       3          0        -0.000115082        -7.92474e-12
2       3          1        -0.166967        4.25646e-07
2       3          2        -0.0964206        2.18497e-05
2       3          3        0.214236        0
2       3          4        0.136313        1.49285e-05
2       3          5        0.151346        3.32915e-12
2       4          0        2.64893e-05        2.64593e-05
2       4          1        0.0556404        1.59344e-10
2       4          2        -0.438379        7.31835e-12
2       4          3        0.136313        -1.49285e-05
2       4          4        0.620603        0
2       4          5        0.0964206        2.18497e-05
2       5          0        0.000162751        1.43119e-11
2       5          1        -0.118063        3.00977e-07
2       5          2        -0.0681338        -3.03785e-05
2       5          3        0.151346        -3.32915e-12
2       5          4        0.0964206        -2.18497e-05
2       5          5        0.107218        0
3       0          0        2.07248e-06        0
3       0          1        2.15711e-10        8.15089e-12
3       0          2        -1.26096e-07        1.29286e-07
3       0          3        -9.54345e-07        -5.34357e-12
3       0          4        -8.8519e-08        9.14174e-08
3       0          5        1.34964e-06        -3.76185e-12
3       1          0        2.15711e-10        -8.15089e-12
3       1          1        0.793922        0
3       1          2        -0.118965        7.34649e-12
3       1          3        0.0684178        8.49022e-08
3       1          4        0.168243        -8.78227e-13
3       1          5        0.0483787        6.0037e-08
3       2          0        -1.26096e-07        -1.29286e-07
3       2          1        -0.118965        -7.34649e-12
3       2          2        0.264642        0
3       2          3        0.0395011        1.23558e-07
3       2          4        -0.374258        1.75012e-11
3       2          5        0.0279313        -7.09836e-08
3       3          0        -9.54345e-07        5.34357e-12
3       3          1        0.0684178        -8.49022e-08
3       3          2        0.0395011        -1.23558e-07
3       3          3        0.615284        0
3       3          4        -0.0558628        1.65612e-08
3       3          5        0.43507        1.03888e-11
3       4          0        -8.8519e-08        -9.14174e-08
3       4          1        0.168243        8.78227e-13
3       4          2        -0.374258        -1.75012e-11
3       4          3        -0.0558628        -1.65612e-08
3       4          4        0.529282        0
3       4          5        -0.0395011        -1.2366e-07
3       5          0        1.34964e-06        3.76185e-12
3       5          1        0.0483787        -6.0037e-08
3       5          2        0.0279313        7.09836e-08
3       5          3        0.43507        -1.03888e-11
3       5          4        -0.0395011        1.2366e-07
3       5          5        0.307643        0
4       0          0        0.508697        0
4       0          1        -2.29663e-09        5.05341e-12
4       0          2        9.57171e-05        -2.55825e-05
4       0          3        -0.282583        2.35574e-11
4       0          4        6.76849e-05        -1.80896e-05
4       0          5        0.399633        -3.96811e-11
4       1          0        -2.29663e-09        -5.05341e-12
4       1          1        0.00224751        0
4       1          2        -0.000884746        -6.85403e-12
4       1          3        3.48775e-05        -3.82995e-08
4       1          4        0.00125122        1.02747e-12
4       1          5        2.46592e-05        -2.70912e-08
4       2          0        9.57171e-05        2.55825e-05
4       2          1        -0.000884746        6.85403e-12
4       2          2        0.662304        0
4       2          3        -3.53218e-05        -1.47924e-05
4       2          4        0.466731        8.18544e-12
4       2          5        9.26664e-05        2.08724e-05
4       3          0        -0.282583        -2.35574e-11
4       3          1        3.48775e-05        3.82995e-08
4       3          2        -3.53218e-05        1.47924e-05
4       3          3        0.170413        0
4       3          4        -6.76917e-05        1.04135e-05
4       3          5        -0.239205        3.82572e-12
4       4          0        6.76849e-05        1.80896e-05
4       4          1        0.00125122        -1.02747e-12
4       4          2        0.466731        -8.18544e-12
4       4          3        -6.76917e-05        -1.04135e-05
4       4          4        0.332276        0
4       4          5        3.53238e-05        1.47919e-05
4       5          0        0.399633        3.96811e-11
4       5          1        2.46592e-05        2.70912e-08
4       5          2        9.26664e-05        -2.08724e-05
4       5          3        -0.239205        -3.82572e-12
4       5          4        3.53238e-05        -1.47919e-05
4       5          5        0.339556        0
5       0          0        0.00112437        0
5       0          1        3.82626e-10        -4.01422e-12
5       0          2        5.258e-05        -4.55464e-05
5       0          3        -0.000442667        -2.79028e-12
5       0          4        3.718e-05        -3.22062e-05
5       0          5        0.000626025        1.05083e-11
5       1          0        3.82626e-10        4.01422e-12
5       1          1        0.641671        0
5       1          2        -0.205185        -4.3388e-11
5       1          3        -0.0829189        -6.60433e-06
5       1          4        0.290175        3.93219e-11
5       1          5        -0.0586325        -4.66998e-06
5       2          0        5.258e-05        4.55464e-05
5       2          1        -0.205185        4.3388e-11
5       2          2        0.214409        0
5       2          3        -0.0479034        -3.01092e-05
5       2          4        -0.302122        7.36402e-12
5       2          5        -0.0338085        3.44924e-05
5       3          0        -0.000442667        2.79028e-12
5       3          1        -0.0829189        6.60433e-06
5       3          2        -0.0479034        3.01092e-05
5       3          3        0.646386        0
5       3          4        0.0676813        1.3202e-05
5       3          5        0.456269        1.06688e-11
5       4          0        3.718e-05        3.22062e-05
5       4          1        0.290175        -3.93219e-11
5       4          2        -0.302122        -7.36402e-12
5       4          3        0.0676813        -1.3202e-05
5       4          4        0.428041        0
5       4          5        0.0479034        3.01092e-05
5       5          0        0.000626025        -1.05083e-11
5       5          1        -0.0586325        4.66998e-06
5       5          2        -0.0338085        -3.44924e-05
5       5          3        0.456269        -1.06688e-11
5       5          4        0.0479034        -3.01092e-05
5       5          5        0.323755        0
6       0          0        0.498889        0
6       0          1        1.2701e-10        2.11369e-11
6       0          2        -3.79704e-05        3.86242e-05
6       0          3        -0.28802        6.90623e-11
6       0          4        -2.68491e-05        2.73114e-05
6       0          5        0.407322        -9.92943e-11
6       1          0        1.2701e-10        -2.11369e-11
6       1          1        0.00294056        0
6       1          2        -0.00128778        -1.98339e-12
6       1          3        -4.66536e-06        -6.46958e-09
6       1          4        0.00182119        -1.16834e-11
6       1          5        -3.29876e-06        -4.60501e-09
6       2          0        -3.79704e-05        -3.86242e-05
6       2          1        -0.00128778        1.98339e-12
6       2          2        0.666507        0
6       2          3        1.95941e-05        2.22959e-05
6       2          4        0.469212        3.27261e-12
6       2          5        -3.34246e-05        -3.15404e-05
6       3          0        -0.28802        -6.90623e-11
6       3          1        -4.66536e-06        6.46958e-09
6       3          2        1.95941e-05        -2.22959e-05
6       3          3        0.167257        0
6       3          4        1.95691e-05        -1.57748e-05
6       3          5        -0.234499        1.23238e-12
6       4          0        -2.68491e-05        -2.73114e-05
6       4          1        0.00182119        1.16834e-11
6       4          2        0.469212        -3.27261e-12
6       4          3        1.95691e-05        1.57748e-05
6       4          4        0.334724        0
6       4          5        -1.95944e-05        -2.22959e-05
6       5          0        0.407322        9.92943e-11
6       5          1        -3.29876e-06        4.60501e-09
6       5          2        -3.34246e-05        3.15404e-05
6       5          3        -0.234499        -1.23238e-12
6       5          4        -1.95944e-05        2.22959e-05
6       5          5        0.333073        0
7       0          0        0.000988299        0
7       0          1        -2.60738e-11        -1.14635e-11
7       0          2        -9.3475e-05        9.35313e-05
7       0          3        -0.000553294        -6.60104e-12
7       0          4        -6.60969e-05        6.61367e-05
7       0          5        0.000782476        6.16914e-12
7       1          0        -2.60738e-11        1.14635e-11
7       1          1        0.641595        0
7       1          2        -0.204804        -1.39803e-11
7       1          3        0.143474        -5.39428e-08
7       1          4        0.289637        -3.02941e-11
7       1          5        0.101451        -3.81172e-08
7       2          0        -9.3475e-05        -9.35313e-05
7       2          1        -0.204804        1.39803e-11
7       2          2        0.21461        0
7       2          3        0.0828887        5.39692e-05
7       2          4        -0.301924        6.2745e-12
7       2          5        0.0584967        -7.63901e-05
7       3          0        -0.000553294        6.60104e-12
7       3          1        0.143474        5.39428e-08
7       3          2        0.0828887        -5.39692e-05
7       3          3        0.607937        0
7       3          4        -0.117108        -3.82282e-05
7       3          5        0.429178        7.7761e-13
7       4          0        -6.60969e-05        -6.61367e-05
7       4          1        0.289637        3.02941e-11
7       4          2        -0.301924        -6.2745e-12
7       4          3        -0.117108        3.82282e-05
7       4          4        0.428103        0
7       4          5        -0.0828887        -5.39692e-05
7       5          0        0.000782476        -6.16914e-12
7       5          1        0.101451        3.81172e-08
7       5          2        0.0584967        7.63901e-05
7       5          3        0.429178        -7.7761e-13
7       5          4        -0.0828887        5.39692e-05
7       5          5        0.304463        0
8       0          0        0.981097        0
8       0          1        -7.85331e-10        1.54408e-11
8       0          2        0.00760535        1.84893e-06
8       0          3        -0.0107631        -1.19756e-11
8       0          4        0.00537779        1.3073e-06
8       0          5        0.0152213        -1.053e-11
8       1          0        -7.85331e-10        -1.54408e-11
8       1          1        4.18838e-06        0
8       1          2        -1.23195e-06        -2.64122e-13
8       1          3        7.36053e-09        -2.31034e-08
8       1          4        1.74237e-06        -1.86492e-13
8       1          5        6.00138e-09        -1.646e-08
8       2          0        0.00760535        -1.84893e-06
8       2          1        -1.23195e-06        2.64122e-13
8       2          2        0.194279        0
8       2          3        -0.00439095        1.05418e-06
8       2          4        0.137373        -3.14184e-12
8       2          5        0.00620975        -1.51914e-06
8       3          0        -0.0107631        1.19756e-11
8       3          1        7.36053e-09        2.31034e-08
8       3          2        -0.00439095        -1.05418e-06
8       3          3        0.327037        0
8       3          4        -0.00310488        -7.73779e-07
8       3          5        -0.46249        -4.56353e-12
8       4          0        0.00537779        -1.3073e-06
8       4          1        1.74237e-06        1.86492e-13
8       4          2        0.137373        3.14184e-12
8       4          3        -0.00310488        7.73779e-07
8       4          4        0.0971415        0
8       4          5        0.00439095        -1.05413e-06
8       5          0        0.0152213        1.053e-11
8       5          1        6.00138e-09        1.646e-08
8       5          2        0.00620975        1.51914e-06
8       5          3        -0.46249        4.56353e-12
8       5          4        0.00439095        1.05413e-06
8       5          5        0.654067        0
9       0          0        0.998274        0
9       0          1        -8.85332e-11        -4.72359e-12
9       0          2        0.0147739        -7.11721e-05
9       0          3        0.00029587        -4.43889e-11
9       0          4        0.0104467        -5.03263e-05
9       0          5        -0.000418424        1.51509e-11
9       1          0        -8.85332e-11        4.72359e-12
9       1          1        0.000508298        0
9       1          2        -0.000126611        5.96893e-13
9       1          3        -7.21612e-05        -5.36962e-06
9       1          4        0.000179055        -4.15021e-12
9       1          5        -5.10194e-05        -3.7969e-06
9       2          0        0.0147739        7.11721e-05
9       2          1        -0.000126611        -5.96893e-13
9       2          2        0.163901        0
9       2          3        -0.00857148        -4.4191e-05
9       2          4        0.115536        -2.11166e-12
9       2          5        0.0120335        5.59199e-05
9       3          0        0.00029587        4.43889e-11
9       3          1        -7.21612e-05        5.36962e-06
9       3          2        -0.00857148        4.4191e-05
9       3          3        0.333698        0
9       3          4        -0.00597258        2.46715e-05
9       3          5        -0.469926        -5.22123e-11
9       4          0        0.0104467        5.03263e-05
9       4          1        0.000179055        4.15021e-12
9       4          2        0.115536        2.11166e-12
9       4          3        -0.00597258        -2.46715e-05
9       4          4        0.0822046        0
9       4          5        0.00857148        4.41915e-05
9       5          0        -0.000418424        -1.51509e-11
9       5          1        -5.10194e-05        3.7969e-06
9       5          2        0.0120335        -5.59199e-05
9       5          3        -0.469926        5.22123e-11
9       5          4        0.00857148        -4.41915e-05
9       5          5        0.665986        0
10       0          0        0.00112437        0
10       0          1        2.38699e-11        -3.18386e-12
10       0          2        5.25802e-05        -4.55466e-05
10       0          3        -0.000442667        1.45344e-13
10       0          4        3.71798e-05        -3.22063e-05
10       0          5        0.000626025        -9.61152e-12
10       1          0        2.38699e-11        3.18386e-12
10       1          1        0.641673        0
10       1          2        -0.205185        -1.50331e-11
10       1          3        -0.0829188        -6.60426e-06
10       1          4        0.290175        1.52574e-11
10       1          5        -0.0586325        -4.66991e-06
10       2          0        5.25802e-05        4.55466e-05
10       2          1        -0.205185        1.50331e-11
10       2          2        0.214408        0
10       2          3        -0.0479037        -3.01093e-05
10       2          4        -0.302121        1.01911e-12
10       2          5        -0.0338086        3.44924e-05
10       3          0        -0.000442667        -1.45344e-13
10       3          1        -0.0829188        6.60426e-06
10       3          2        -0.0479037        3.01093e-05
10       3          3        0.646386        0
10       3          4        0.0676817        1.32019e-05
10       3          5        0.456269        4.54296e-12
10       4          0        3.71798e-05        3.22063e-05
10       4          1        0.290175        -1.52574e-11
10       4          2        -0.302121        -1.01911e-12
10       4          3        0.0676817        -1.32019e-05
10       4          4        0.42804        0
10       4          5        0.0479037        3.01093e-05
10       5          0        0.000626025        9.61152e-12
10       5          1        -0.0586325        4.66991e-06
10       5          2        -0.0338086        -3.44924e-05
10       5          3        0.456269        -4.54296e-12
10       5          4        0.0479037        -3.01093e-05
10       5          5        0.323755        0
11       0          0        0.508697        0
11       0          1        -4.21655e-09        -2.62301e-11
11       0          2        9.56134e-05        -2.55826e-05
11       0          3        -0.282583        1.21252e-11
11       0          4        6.76144e-05        -1.80896e-05
11       0          5        0.399633        -3.08217e-11
11       1          0        -4.21655e-09        2.62301e-11
11       1          1        0.00224751        0
11       1          2        -0.000884746        -5.0665e-12
11       1          3        3.48789e-05        -3.84517e-08
11       1          4        0.00125122        5.76462e-12
11       1          5        2.46577e-05        -2.71494e-08
11       2          0        9.56134e-05        2.55826e-05
11       2          1        -0.000884746        5.0665e-12
11       2          2        0.662304        0
11       2          3        -3.53798e-05        -1.47928e-05
11       2          4        0.466731        -1.52841e-12
11       2          5        9.27492e-05        2.08721e-05
11       3          0        -0.282583        -1.21252e-11
11       3          1        3.48789e-05        3.84517e-08
11       3          2        -3.53798e-05        1.47928e-05
11       3          3        0.170413        0
11       3          4        -6.77339e-05        1.04138e-05
11       3          5        -0.239205        7.86998e-12
11       4          0        6.76144e-05        1.80896e-05
11       4          1        0.00125122        -5.76462e-12
11       4          2        0.466731        1.52841e-12
11       4          3        -6.77339e-05        -1.04138e-05
11       4          4        0.332276        0
11       4          5        3.53849e-05        1.47914e-05
11       5          0        0.399633        3.08217e-11
11       5          1        2.46577e-05        2.71494e-08
11       5          2        9.27492e-05        -2.08721e-05
11       5          3        -0.239205        -7.86998e-12
11       5          4        3.53849e-05        -1.47914e-05
11       5          5        0.339556        0
12       0          0        0.998717        0
12       0          1        9.88269e-11        1.76348e-11
12       0          2        0.00406857        5.54735e-05
12       0          3        6.2189e-05        -2.99893e-11
12       0          4        0.00287694        3.92256e-05
12       0          5        -8.79477e-05        -2.29908e-11
12       1          0        9.88269e-11        -1.76348e-11
12       1          1        0.000538515        0
12       1          2        -0.000115641        -2.72442e-12
12       1          3        5.44491e-05        -1.61027e-06
12       1          4        0.00016354        -1.66234e-12
12       1          5        3.84754e-05        -1.13863e-06
12       2          0        0.00406857        -5.54735e-05
12       2          1        -0.000115641        2.72442e-12
12       2          2        0.16283        0
12       2          3        -0.00231757        3.10962e-05
12       2          4        0.114758        -4.85516e-12
12       2          5        0.00334422        -4.59526e-05
12       3          0        6.2189e-05        2.99893e-11
12       3          1        5.44491e-05        1.61027e-06
12       3          2        -0.00231757        -3.10962e-05
12       3          3        0.333864        0
12       3          4        -0.00170544        -2.39605e-05
12       3          5        -0.470122        1.74312e-11
12       4          0        0.00287694        -3.92256e-05
12       4          1        0.00016354        1.66234e-12
12       4          2        0.114758        4.85516e-12
12       4          3        -0.00170544        2.39605e-05
12       4          4        0.0816845        0
12       4          5        0.00231757        -3.10989e-05
12       5          0        -8.79477e-05        2.29908e-11
12       5          1        3.84754e-05        1.13863e-06
12       5          2        0.00334422        4.59526e-05
12       5          3        -0.470122        -1.74312e-11
12       5          4        0.00231757        3.10989e-05
12       5          5        0.66629        0
13       0          0        0.998981        0
13       0          1        -1.0347e-11        1.44242e-12
13       0          2        0.0121895        -4.96414e-05
13       0          3        0.000226368        -2.04211e-11
13       0          4        0.00861931        -3.51018e-05
13       0          5        -0.000320133        1.6223e-11
13       1          0        -1.0347e-11        -1.44242e-12
13       1          1        0.000688049        0
13       1          2        -7.49472e-05        -2.45232e-14
13       1          3        -7.15329e-05        -6.09234e-06
13       1          4        0.000105991        -5.23942e-12
13       1          5        -5.05915e-05        -4.30793e-06
13       2          0        0.0121895        4.96414e-05
13       2          1        -7.49472e-05        2.45232e-14
13       2          2        0.155891        0
13       2          3        -0.00707902        -3.21785e-05
13       2          4        0.109745        -1.50183e-12
13       2          5        0.00992363        3.80442e-05
13       3          0        0.000226368        2.04211e-11
13       3          1        -7.15329e-05        6.09234e-06
13       3          2        -0.00707902        3.21785e-05
13       3          3        0.334038        0
13       3          4        -0.00491801        1.52922e-05
13       3          5        -0.470185        5.65098e-12
13       4          0        0.00861931        3.51018e-05
13       4          1        0.000105991        5.23942e-12
13       4          2        0.109745        1.50183e-12
13       4          3        -0.00491801        -1.52922e-05
13       4          4        0.0782897        0
13       4          5        0.00707902        3.21774e-05
13       5          0        -0.000320133        -1.6223e-11
13       5          1        -5.05915e-05        4.30793e-06
13       5          2        0.00992363        -3.80442e-05
13       5          3        -0.470185        -5.65098e-12
13       5          4        0.00707902        -3.21774e-05
13       5          5        0.666509        0
14       0          0        0.000354883        0
14       0          1        -1.03892e-11        9.16908e-12
14       0          2        9.20516e-06        -5.37319e-06
14       0          3        -3.2881e-05        -6.06478e-12
14       0          4        6.50875e-06        -3.79945e-06
14       0          5        4.65008e-05        -6.66605e-12
14       1          0        -1.03892e-11        -9.16908e-12
14       1          1        0.785709        0
14       1          2        -0.123476        6.22669e-13
14       1          3        -0.0558615        -4.35179e-06
14       1          4        0.174622        4.46517e-12
14       1          5        -0.0395        -3.07721e-06
14       2          0        9.20516e-06        5.37319e-06
14       2          1        -0.123476        -6.22669e-13
14       2          2        0.261968        0
14       2          3        -0.0322571        -5.61475e-06
14       2          4        -0.37034        1.17392e-13
14       2          5        -0.0227979        2.61056e-06
14       3          0        -3.2881e-05        6.06478e-12
14       3          1        -0.0558615        4.35179e-06
14       3          2        -0.0322571        5.61475e-06
14       3          3        0.629993        0
14       3          4        0.0456071        -1.35974e-06
14       3          5        0.445222        -1.3156e-12
14       4          0        6.50875e-06        3.79945e-06
14       4          1        0.174622        -4.46517e-12
14       4          2        -0.37034        -1.17392e-13
14       4          3        0.0456071        1.35974e-06
14       4          4        0.523838        0
14       4          5        0.0322571        5.6148e-06
14       5          0        4.65008e-05        6.66605e-12
14       5          1        -0.0395        3.07721e-06
14       5          2        -0.0227979        -2.61056e-06
14       5          3        0.445222        1.3156e-12
14       5          4        0.0322571        -5.6148e-06
14       5          5        0.315174        0
15       0          0        0.000800548        0
15       0          1        3.72549e-11        -6.94494e-12
15       0          2        -1.92449e-05        2.12885e-05
15       0          3        -0.000260929        -1.8572e-11
15       0          4        -1.36082e-05        1.50532e-05
15       0          5        0.000369009        -1.15001e-11
15       1          0        3.72549e-11        6.94494e-12
15       1          1        0.647725        0
15       1          2        -0.202425        2.06761e-11
15       1          3        0.0624451        -1.69928e-06
15       1          4        0.286273        -3.76431e-11
15       1          5        0.0441554        -1.20163e-06
15       2          0        -1.92449e-05        -2.12885e-05
15       2          1        -0.202425        -2.06761e-11
15       2          2        0.21619        0
15       2          3        0.0360639        1.13097e-05
15       2          4        -0.30514        2.77097e-12
15       2          5        0.0254774        -1.80758e-05
15       3          0        -0.000260929        1.8572e-11
15       3          1        0.0624451        1.69928e-06
15       3          2        0.0360639        -1.13097e-05
15       3          3        0.652726        0
15       3          4        -0.0509785        -1.00787e-05
15       3          5        0.460981        1.40837e-11
15       4          0        -1.36082e-05        -1.50532e-05
15       4          1        0.286273        3.76431e-11
15       4          2        -0.30514        -2.77097e-12
15       4          3        -0.0509785        1.00787e-05
15       4          4        0.431957        0
15       4          5        -0.0360639        -1.13097e-05
15       5          0        0.000369009        1.15001e-11
15       5          1        0.0441554        1.20163e-06
15       5          2        0.0254774        1.80758e-05
15       5          3        0.460981        -1.40837e-11
15       5          4        -0.0360639        1.13097e-05
15       5          5        0.326763        0
